280770
280910
281020
281310
281410
281580
281770
281790
281910
282060
282140
282270
292200
297680
308390
313830
324330
330200
340660
346890
357930
364000
365520
365560
366330
366520
375220
381660
382750
382870
383000
383100
383500
383620
383720
397410
403850
405330
405560
405950
415750
423620
423830
424370
424520
430850
437310
449580
457990
463200
472470
477370
486640
491040
499740
504270
513080
526410
531330
540310
544770
553580
558330
567200
572020
581470
586140
596140
601450
611410
616930
627290
632950
643520
649350
659950
665870
676540
682040
692410
697680
707770
712500
721870
726350
735540
740330
749560
754370
763450
768430
777970
782950
792580
797290
807370
812240
821660
826410
836120
840930
850450
855560
865330
870100
879770
884950
894370
899140
908680
913620
923120
927930
937560
942500
952330
957040
966910
971620
981020
985640
994930
999490
1008890
1013640
1022540
1026830
1027750
1027850
1028000
1028100
1028600
1028720
1028850
1029060
1035740
1039870
1040470
1040640
1040720
1040850
1041000
1041120
1041370
1041500
1041660
1041720
1041890
1047500
1047660
1047790
1051100
1051620
1051660
1051790
1051910
1052020
1052160
1052540
1052640
1052810
1052930
1053040
1053160
1053290
1058040
1061500
1061640
1061770
1062020
1062140
1062270
1062390
1062540
1062620
1062870
1063000
1063160
1063270
1063390
1067500
1070810
1070950
1071100
1071330
1071430
1071560
1071700
1071830
1071930
1072060
1072200
1072330
1072430
1076790
1080040
1080200
1080330
1080680
1080680
1080810
1080890
1081040
1081290
1081390
1081540
1081660
1081790
1085390
1088370
1088540
1088640
1088770
1088870
1089020
1089140
1089270
1089350
1089500
1089640
1089750
1089910
1089970
1090120
1093240
1095830
1096140
1096220
1096330
1096470
1096600
1096720
1096930
1096970
1097120
1097250
1097450
1099850
1102410
1102620
1102700
1102830
1102950
1103080
1103200
1103330
1103580
1103680
1103830
1103930
1104060
1106500
1109120
1109290
1109390
1109520
1109660
1109770
1109950
1110020
1110140
1110270
1110370
1110520
1110640
1113020
1115580
1115720
1115850
1116020
1116120
1116200
1116390
1116470
1116600
1116700
1116850
1117000
1119640
1122140
1122350
1122470
1122680
1122720
1122870
1122970
1123100
1123270
1123350
1123470
1126180
1128770
1129000
1129060
1129180
1129330
1129430
1129560
1129770
1129790
1129910
1130040
1130270
1130290
1130390
1132930
1135560
1135790
1135970
1136040
1136140
1136270
1136390
1136520
1136660
1136870
1136930
1139600
1141810
1141950
1142080
1142200
1142330
1142450
1142580
1142700
1142950
1143100
1143200
1143330
1145850
1148520
1148680
1148790
1148910
1149080
1149180
1149290
1149470
1149560
1149680
1149810
1152470
1152700
1152850
1155060
1155390
1155520
1155640
1155770
1155970
1156100
1156250
1156350
1159020
1161500
1161950
1162080
1162200
1162330
1162430
1162560
1165470
1165620
1165770
1168120
1168310
1168390
1168540
1168640
1168850
1168850
1169000
1169080
1169200
1169370
1172270
1174560
1174870
1174950
1175100
1175250
1175350
1175600
1175750
1175850
1178830
1178950
1179080
1181450
1181770
1181870
1182000
1182120
1182250
1182350
1182470
1182600
1182770
1185680
1185850
1185950
1188430
1188850
1188970
1189120
1189370
1189370
1192330
1192450
1192560
1194720
1194870
1194970
1195140
1195220
1195370
1195520
1195600
1195700
1195850
1195950
1198390
1198540
1198640
1200890
1201000
1201140
1201250
1201390
1201500
1201660
1201750
1201850
1201950
1204290
1204430
1204540
1206770
1206930
1206970
1207080
1207200
1207330
1207430
1207560
1207700
1209930
1212310
1212430
1212560
1212720
1212810
1212910
1213080
1215600
1217890
1218060
1218100
1218200
1218350
1218450
1218580
1218700
1218830
1221220
1221370
1221500
1223450
1223810
1223930
1224040
1224160
1224330
1224410
1226830
1227000
1227100
1229100
1229270
1229430
1229560
1229640
1229750
1229930
1230000
1230120
1232560
1234660
1234850
1235040
1235180
1235290
1235390
1235520
1235720
1237950
1238220
1238350
1238470
1238640
1240290
1240430
1240680
1240790
1240930
1241080
1241200
1241310
1243770
1243850
1243970
1246020
1246140
1246220
1246370
1246500
1246620
1246720
1246850
1246970
1247140
1249370
1249560
1249660
1251620
1251930
1252040
1252270
1252290
1252390
1252540
1252660
1252770
1255180
1255580
1255770
1257430
1257850
1257890
1258020
1258250
1258250
1258390
1258540
1258660
1260930
1261120
1261220
1263220
1263540
1263680
1263850
1263910
1264060
1264180
1264290
1264430
1264520
1267100
1267250
1267390
1269540
1269680
1269810
1269950
1270060
1270180
1270270
1270410
1270560
1270680
1270790
1273270
1273500
1273620
1273720
1273850
1274020
1274120
1275890
1276020
1276250
1276410
1276560
1276620
1276930
1277000
1277100
1279560
1280140
1280290
1282140
1282290
1282560
1282770
1282890
1283200
1283290
1283390
1286560
1289290
1289910
1290040
1290140
1290350
1293930
1297020
1297220
1297290
1297540
1297620
1297770
1297890
1298120
1298240
1298430
1298540
1302290
1305680
1305830
1305950
1306220
1306350
1306470
1306580
1306700
1306850
1306970
1311640
1314720
1315430
1315560
1315830
1321040
1324640
1331040
1331220
1331330
1335850
1342160
1346720
1353390
1357290
1358140
1358220
1358350
1358470
1358600
1359140
1359200
1359350
1359470
1359600
1364370
1368640
1376160
1380500
1388020
1392370
1392520
1392640
1393140
1393250
1393390
1393520
1393640
1394020
1394220
1394250
1394370
1401060
1405450
1413310
1417560
1426040
1430310
1431370
1431450
1431580
1431720
1432250
1432350
1432470
1437850
1441910
1443250
1443500
1450060
1454390
1455100
1455220
1455350
1455470
1455620
1455720
1456100
1456220
1456350
1456580
1456600
1456720
1462450
1466930
1467790
1467850
1467970
1468140
1468470
1468620
1468720
1475470
1479750
1479910
1480140
1480640
1480640
1480770
1480910
1481040
1481430
1481520
1481660
1481790
1481890
1487810
1491850
1492890
1493160
1493390
1493540
1500080
1504200
1504350
1504540
1505100
1505220
1505350
1505470
1505700
1505830
1505950
1512850
1517220
1526160
1530370
1530850
1530970
1531160
1531270
1531370
1531500
1532020
1532140
1532270
1532350
1532470
1532620
1538470
1542580
1550240
1554600
1555370
1555470
1555600
1555750
1556120
1556250
1556350
1562540
1567350
1576580
1580640
1589450
1593750
1602720
1607040
1632450
1636970
1643500
1646830
1647540
1647640
1647830
1648000
1648140
1648270
1653080
1656620
1657500
1657620
1657720
1663310
1667350
1674180
1677470
1678160
1678290
1678410
1678910
1684220
1687890
1688060
1688140
1688390
1688540
1688640
1688770
1688890
1689020
1689140
1689270
1689390
1689520
1694810
1698430
1698470
1698600
1698850
1698970
1699100
1699200
1699350
1699470
1699600
1699750
1699830
1705430
1708970
1709120
1709220
1709520
1709620
1709720
1709850
1710120
1710350
1710350
1710620
1710620
1715540
1719140
1719200
1719350
1719470
1719600
1719680
1719830
1719950
1720080
1720330
1720450
1720580
1720680
1720830
1720950
1725580
1729270
1729470
1729600
1729870
1729930
1730080
1730180
1730310
1730450
1730580
1730680
1730810
1735850
1736020
1736140
1739410
1739600
1739660
1739930
1740040
1740160
1740290
1740430
1740540
1740750
1740790
1740910
1741040
1746560
1750240
1751200
1751500
1756560
1759890
1760120
1760220
1760350
1760470
1760600
1760700
1760850
1761100
1761200
1761350
1761500
1761620
1766580
1769910
1770140
1770270
1770410
1770540
1770750
1770790
1770890
1771040
1771140
1771310
1771410
1771520
1776000
1776220
1776290
1779350
1779560
1779700
1779850
1779930
1780060
1780250
1780310
1780410
1780600
1780680
1780850
1780910
1785740
1789270
1789470
1789600
1789970
1790100
1790250
1790350
1790450
1790600
1795270
1798330
1798540
1798640
1798790
1798890
1799020
1799140
1799350
1799540
1799640
1799850
1799870
1803930
1806450
1806640
1806750
1807000
1807120
1807350
1807370
1807470
1807600
1807770
1807850
1807970
1811140
1813950
1814060
1814180
1814330
1814430
1814560
1814700
1814830
1814910
1815060
1815180
1815290
1818080
1820870
1821450
1821580
1821700
1821970
1822080
1825120
1827700
1827950
1828080
1828180
1828290
1828410
1828560
1828640
1828770
1828890
1828890
1829020
1829160
1829270
1831680
1834540
1835020
1835160
1835250
1835390
1835540
1835660
1835750
1835870
1838810
1841310
1841520
1841640
1841750
1841890
1842060
1842120
1842250
1842370
1842500
1842660
1842770
1845200
1848020
1848160
1848270
1848390
1848540
1848640
1848770
1848890
1849020
1849220
1849330
1854540
1854830
1854910
1855020
1855160
1855290
1855470
1855560
1855660
1855790
1855890
1858560
1861160
1861290
1861410
1861540
1861660
1861790
1861890
1862020
1862160
1862290
1862390
1862520
1865040
1867470
1867680
1867770
1867870
1868000
1868140
1868270
1868370
1868500
1868620
1868810
1871140
1871350
1871410
1874040
1874180
1874330
1874410
1874560
1874680
1874850
1875060
1875180
1875310
1877850
1880470
1881180
1881310
1881560
1885270
1888350
1893140
1895930
1896160
1896410
1896540
1896640
1896770
1897020
1897140
1897290
1897390
1900770
1903620
1904220
1904350
1904430
1904750
1904850
1907950
1910830
1910950
1911080
1911470
1911580
1911830
1911950
1915240
1918330
1918470
1918640
1918850
1919060
1919100
1919220
1919330
1919500
1919580
1923500
1926700
1927330
1927410
1927540
1927810
1927910
1931870
1935240
1935870
1936000
1936200
1936370
1940790
1944100
1944310
1944470
1944470
1944580
1944720
1944810
1944970
1945080
1945180
1945310
1945430
1949410
1953200
1953350
1953470
1953700
1953850
1953950
1954080
1954310
1954430
1954560
1958390
1961750
1962330
1962450
1962580
1962680
1962850
1962930
1963080
1963180
1967020
1970370
1970540
1970660
1970770
1970890
1971040
1971140
1971270
1971540
1971660
1971770
1971890
1975520
1978810
1979370
1979410
1979540
1979660
1979890
1980040
1980140
1984060
1987160
1995810
2102830
2112370
2116250
2124910
2128770
2137500
2141430
2150020
2153750
2162350
2166120
2174750
2178540
2187100
2190520
2197930
2201640
2210410
2214560
2222660
2226850
2235430
2239370
2247770
2251490
2259270
2262910
2263080
2263200
2263600
2263700
2263810
2264060
2264220
2264330
2264450
2264560
2270680
2274810
2274970
2275100
2275330
2275470
2275600
2275720
2275830
2276250
2276450
2276470
2276580
2276700
2283430
2287770
2287870
2288060
2288270
2288370
2288500
2288620
2288750
2288890
2289120
2289250
2289350
2289470
2289620
2296060
2300560
2301080
2301200
2301330
2301430
2301700
2301810
2301930
2302080
2308770
2313180
2313430
2313520
2313640
2313790
2313910
2314020
2314120
2314390
2314520
2314640
2314770
2314890
2315020
2321750
2325500
2325620
2325720
2325870
2326020
2326100
2326220
2326370
2326500
2326600
2326750
2326850
2327020
2327100
2327330
2327350
2333790
2337580
2338160
2338290
2338410
2338520
2338790
2338910
2339020
2339140
2339290
2345270
2348950
2349160
2349270
2349390
2349520
2349770
2349850
2349890
2350140
2350270
2350370
2350520
2350640
2356770
2360680
2360810
2361080
2361180
2361370
2361430
2361560
2361850
2361930
2362080
2362270
2362310
2362430
2362560
2368220
2372370
2372600
2372830
2372950
2373180
2373200
2373310
2373560
2373580
2373720
2373890
2374000
2374080
2380290
2384600
2384850
2384950
2385080
2385180
2385370
2385430
2385580
2385680
2385870
2385930
2386060
2386160
2392290
2396720
2396810
2396950
2397060
2397180
2397310
2397430
2397560
2397810
2397910
2398060
2398160
2398290
2404810
2408950
2409060
2409290
2409410
2409540
2409660
2409930
2410060
2410250
2410290
2416540
2420500
2420870
2421000
2421160
2421220
2421350
2421470
2421660
2421750
2421870
2421970
2422140
2422220
2428020
2428350
2428370
2431870
2431970
2432220
2432350
2432600
2432600
2432970
2432970
2433160
2433220
2433350
2438640
2442450
2442620
2442870
2442970
2443100
2443220
2443370
2443470
2443600
2443750
2443870
2449750
2453910
2454100
2454350
2454470
2454600
2454720
2454850
2455140
2455220
2455350
2455450
2460720
2461060
2461120
2464600
2464850
2465060
2465180
2465310
2465430
2465660
2465790
2465910
2466040
2466160
2471870
2472080
2472220
2475660
2476250
2476390
2476520
2476640
2476750
2476970
2477040
2483140
2483370
2483500
2486580
2486810
2486950
2487080
2487180
2487310
2487430
2487680
2487830
2487930
2488060
2493220
2493430
2493560
2496770
2496970
2497270
2497350
2497470
2497580
2497750
2497850
2498000
2498100
2498200
2504040
2504140
2504220
2507520
2507750
2507790
2507910
2508040
2508160
2508370
2508410
2508660
2508790
2508930
2509040
2514750
2514890
2515000
2518620
2518830
2518930
2519060
2519270
2519330
2519430
2519580
2519680
2519830
2519910
2520060
2520180
2520310
2525640
2525850
2526000
2529100
2529290
2529410
2529520
2529680
2529790
2529950
2530140
2530290
2530410
2530520
2535910
2539540
2539770
2540000
2540120
2540270
2540370
2540640
2540750
2540890
2541040
2541120
2546790
2550240
2550850
2551000
2551080
2551350
2551470
2551580
2557290
2561430
2561640
2561770
2561930
2562000
2562120
2562250
2562500
2562620
2562740
2562870
2563000
2567930
2571810
2572000
2572120
2572270
2572390
2572500
2572640
2572890
2573000
2573120
2573250
2579240
2583040
2583100
2583220
2583370
2583520
2583600
2583720
2583850
2584100
2584220
2584350
2584470
2584600
2590120
2593810
2593950
2594200
2594330
2594450
2594560
2594680
2594970
2595060
2595180
2595310
2595450
2600700
2604810
2605040
2605350
2605410
2605540
2605910
2606040
2606140
2611930
2615830
2616040
2616140
2616330
2616410
2616540
2616660
2616930
2617060
2617160
2617290
2622890
2626620
2626770
2626890
2627040
2627140
2627270
2627540
2627640
2627750
2633180
2636580
2636770
2637000
2637120
2637270
2637350
2637500
2637620
2637750
2637850
2643160
2646950
2647100
2647220
2653470
2656910
2657220
2657310
2657430
2657560
2657720
2658060
2658180
2663450
2667060
2667140
2667270
2667390
2667520
2667640
2667770
2668020
2668140
2668270
2668390
2673270
2673450
2673560
2676490
2676640
2676970
2677000
2677100
2677220
2677350
2677500
2677600
2677720
2677850
2683120
2683250
2683560
2686680
2687140
2687270
2687390
2687520
2687770
2687890
2688020
2692540
2693140
2693310
2695850
2696060
2696120
2696250
2696370
2696500
2696620
2696750
2697000
2697100
2697220
2697390
2697500
2702200
2702370
2702500
2702660
2702720
2703020
2703100
2703220
2705540
2705810
2705930
2706060
2706160
2706370
2706450
2706700
2706790
2706910
2711290
2711470
2711720
2711850
2711970
2712080
2712220
2712350
2714370
2714640
2714770
2714890
2715040
2715140
2715270
2715540
2715640
2715770
2715910
2716020
2720580
2723890
2724140
2724220
2724350
2724470
2724600
2724850
2724970
2725100
2725200
2729620
2733270
2733470
2733580
2733680
2733830
2733930
2734080
2734310
2734430
2734560
2734680
2739470
2742700
2742970
2743140
2743270
2743290
2743430
2743560
2743790
2743930
2744060
2744160
2748910
2752450
2752700
2752830
2753020
2753100
2753200
2753350
2753600
2753700
2753870
2753950
2758700
2758970
2759100
2759220
2759350
2759450
2759580
2762250
2762370
2762470
2762620
2762750
2762870
2762970
2763100
2763250
2763370
2763470
2763600
2768220
2768500
2768620
2768750
2768930
2768970
2769100
2771720
2771910
2772040
2772180
2772290
2772410
2772540
2772660
2772790
2772950
2773060
2773160
2778450
2778600
2778850
2778950
2779160
2779270
2779370
2779450
2781910
2782120
2782250
2782370
2782500
2782620
2782750
2782890
2783000
2783120
2783250
2783390
2783560
2788430
2788560
2788660
2788810
2788910
2789060
2789160
2789310
2789410
2791720
2791870
2791970
2792120
2792220
2792350
2792450
2792600
2792870
2792970
2793100
2793270
2793370
2797950
2798180
2798410
2798540
2798830
2798910
2801430
2801600
2801850
2801970
2802100
2802220
2802470
2802600
2802720
2807770
2811740
2819410
2823120
2830160
2830430
2830560
2835180
2835520
2835600
2835830
2836000
2836100
2836350
2836500
2836600
2842140
2842430
2842540
2842660
2842790
2843040
2843160
2845930
2846140
2846270
2846390
2846500
2846700
2846870
2846890
2847140
2847270
2847450
2847540
2852450
2852660
2852790
2856370
2856560
2856830
2856970
2857060
2857180
2857310
2857470
2857560
2857680
2857870
2857950
2862950
2863540
2863790
2866200
2866350
2866500
2866660
2866750
2866850
2867000
2867100
2867370
2867500
2867620
2867720
2867850
2872200
2872470
2872540
2875040
2875250
2875370
2875540
2875600
2875720
2875870
2876100
2876220
2876350
2876470
2880600
2883680
2883830
2883950
2884250
2884330
2884450
2884580
2884870
2884950
2885100
2885180
2885310
2889750
2893640
2903160
2912500
3454290
3462720
3480750
3484660
3484830
3484950
3485310
3485450
3485580
3485680
3485830
3485930
3486060
3486160
3499890
3504080
3504600
3504750
3504870
3505000
3505140
3505560
3505640
3505720
3506000
3506000
3517640
3522330
3522790
3523020
3523140
3523310
3523450
3523790
3523890
3524040
3524140
3524290
3524390
3524540
3524770
3536310
3540870
3541450
3541580
3541700
3541830
3541950
3542350
3542450
3542560
3542660
3542790
3554770
3559270
3559970
3560140
3560220
3560390
3560720
3560870
3561040
3561100
3561350
3572370
3576890
3590520
3594950
3595720
3595830
3595950
3596120
3596470
3596600
3596750
3596850
3608350
3612950
3613540
3613660
3613770
3613890
3614040
3614350
3614410
3614560
3614660
3614790
3614910
3625660
3630370
3630930
3631040
3631160
3631580
3631640
3631770
3631890
3643140
3647620
3648180
3648350
3648450
3648580
3648680
3648810
3648930
3649080
3649220
3649290
3649560
3649930
3660870
3665120
3665390
3665520
3665640
3665790
3665910
3666060
3666140
3666410
3666540
3666640
3666770
3666950
3667040
3667140
3678790
3683060
3683220
3683350
3683470
3683620
3683750
3683870
3684040
3684390
3684540
3684640
3684750
3684870
3685020
3685140
3694080
3694290
3694430
3694560
3694640
3694770
3694950
3695020
3695140
3695290
3695390
3698330
3698970
3699040
3699180
3699430
3699540
3709620
3709850
3709970
3710080
3710220
3710370
3710470
3710700
3710850
3713910
3725370
3729600
3740660
3745290
3755950
3761200
3761350
3761470
3761720
3761850
3762060
3762100
3762200
3762750
3762930
3763000
3763120
3763220
3763470
3763470